100
2
3
4
8
16
29
60
142
255
561
1014
1985
4601
4469
5326
6508
6389
9107
10120
10906
44194039
474211365
765939005
411870419
132484548
504896208
882247553
729160763
763621426
35983191
752372330
139500412
675546407
565894158
33836778
167087541
161111103
389364015
400448323
39364828
399517483
37955820
333792627
66616433
365934679
679999252
332495096
727079734
953495776
420736346
269246087
179327112
8674543
417531098
578858955
547896960
342321583
35718432
628185206
189086970
886004833
627437084
731436486
378642552
778815199
816814542
458801108
396308419
700776117
108372736
326900483
6216678
633629346
868025283
225199275
434340879
749180703
103320708
95644649
753100314
913942725
333342519
305788613
193628859
563922014
796127925
223354853
628218908
605824104
271880663
879148258
272222017
407334417
486366382
797660527
247819747
935591496
134635213
713429993
764602053
