20

68 23
5567.311234972548
10018.525421092392
16544.851511440862
29595.111783375225
36299.47200732375
56176.12230988669
79271.0971970516
91974.44654502907
106620.9256067827
120242.62721008023
121524.3091583923
132514.01022787474
148983.19978775317
158667.6241541941
165963.27762036846
192433.65538966062
201675.28583688915
203326.51713824732
204943.8582894398
207891.54053470033
227195.05150026325
236941.68491023293
271631.1632007698
277702.5905692444
283201.72030838754
311685.8573135389
312809.1925404448
341190.7237788148
346576.37389331736
370180.38507700065
380049.76085766405
384112.4378407779
394707.100035475
418852.30169064365
431588.1674615892
436358.9497319623
447238.8458896442
451335.6436129621
470995.8696487779
487569.27550406824
504818.3092192489
509978.8138829886
520764.39539062144
535608.0780641425
545277.9032646221
558936.7976844832
580029.5458392857
592037.0316418193
595162.434445679
602947.4204604249
627729.8567700427
627808.5198089193
637475.289365322
648409.9965509669
671474.8764957724
690486.2578774809
703407.5195546699
706462.989608231
713711.169766625
738298.7702026855
744092.2961976664
761018.7865570608
768641.2584934313
776636.1351128815
799823.5664228877
808243.1331237099
826477.2467149051
833617.2232390263

10 6
4785.87729620925
22081.94196558687
29404.751550541412
48126.37109713488
58343.51837690201
60948.22542123398
77949.74405121448
93773.2234511734
98949.4680694888
107293.43107456222

11 2
2535.7149488684286
24481.259012520426
31463.419987310823
42786.511767053235
51869.77590235528
58900.18203359847
67350.81888909597
82703.84498701406
103352.8634546427
122118.53215258001
123349.71291009408

45 28
2727.0594834209755
12904.987986832484
22044.073198805076
48665.015758883565
57614.28360720982
65519.2328428146
77433.15801448254
93453.30386902516
109737.24922052988
116058.86713433897
117332.16240780409
145091.36723926017
152692.85119938015
160724.65829994905
171016.75154853187
189633.88046141944
190895.22120495216
214734.55158517344
223912.28864426946
227438.3349143504
241453.598409189
262599.09847595426
274386.71789422695
284142.6398679792
290762.7804118045
313576.3718392471
333239.8177370357
344282.9810422424
349499.61853383546
366720.4400217334
378837.87641770655
388434.9253942893
395253.9944183673
414537.1624505108
418204.3612551742
443386.8746973953
444279.95575646433
457477.6879275599
466750.9222847271
485030.7317857315
498016.25655067456
517155.14344310586
518891.1898689593
530705.6676695149
532423.0000779902

85 41
5813.967357448506
14164.480779928534
17161.852942896505
26670.17973705187
33704.445884120134
36735.83637977339
48476.02335378372
53781.16260255192
108547.34297878618
109780.22031568861
120602.68273233202
147897.1847592177
156662.92445044813
165174.30957997782
170680.2435595436
186304.6566769323
200187.19228853247
208503.32106072304
218126.0274628477
220351.65088023874
244458.92864723963
251158.29422889676
254416.60865643085
261802.3925494516
277700.2832356256
289202.3466349083
297939.5306349181
304047.3902167118
310485.8704030591
332802.45599019865
356879.69883683085
382015.9005230151
400177.1526876826
414030.9515906085
425900.69248273526
439023.3152377144
445572.1461630109
460415.3756001394
464814.98178069433
490844.00472132943
504617.264882651
512805.69852339907
521519.9743473747
539501.4547113734
548987.8129218235
553183.5018584506
559639.9818295401
574273.5030425303
587347.790469918
589256.951973057
626812.2386027743
635105.3448555226
653511.5476937996
659844.529355614
677379.9626089962
688271.91630331
696729.7247045795
705366.4872193707
716236.0197725444
722585.026069201
739684.8826751399
753480.5337096442
768877.2270131364
770864.1363670267
798989.3140538172
803874.8312940927
816582.9671305493
839241.8546777089
847976.3878290714
855036.8676986742
857670.5931279943
871077.8592264459
886049.7572260345
886455.5157385551
913263.0093431384
924316.2772775283
925723.0149286884
939618.9403663065
945481.9115552375
954276.920779793
981750.5455192763
1005620.8733669765
1006323.9936102977
1030621.4993708708
1043739.8754287024

48 41
1748.6676955060236
15246.306579916918
24021.411163405683
32231.08822715967
46002.1028980362
48406.35206037202
49875.029317305
98509.04655690157
105268.90761325358
110562.34337193872
117093.35220233403
128079.02962248867
154677.70076681252
163746.36218436633
184399.53522505876
187847.2950241503
192869.88786835317
200715.0311287142
225742.7981598934
244698.2547188229
247560.53254177066
258190.68985530635
258205.74020430713
285863.85775070754
290579.98213584465
313693.6431970433
315235.79846418253
325583.2015940993
328202.2805177886
363373.14753707044
372289.65633220767
378279.62708885805
398190.6035413485
402677.301400112
417356.9030577144
426816.74172280467
442127.34189433634
468631.01783622016
480397.22948901437
485094.63792837545
486594.81426651496
493845.73239580856
507745.9647188005
510952.8820930482
534545.7486030894
553333.9907781604
580032.1763435506
591870.8287885652

12 10
7878.928782738489
17713.577311229892
29945.50714552914
49032.28128645326
53518.681872443536
60066.07841594616
72408.77009262748
73389.40860624977
98246.78666327707
121415.70185663036
123852.65288278522
146130.49342402112

99 16
290.9855091333917
3152.338769164843
6342.466597743405
32443.804548866337
54613.23373959867
61923.01427482293
66934.85248584564
79062.9374564358
108631.15590466841
118492.2647169547
132208.88423731187
144167.40465965352
146882.72387226328
165688.54526213152
168459.2893838791
189447.27642591414
189746.05011895797
199840.17628738735
224259.22593424926
227365.61175795624
236442.5772603991
257295.0987034798
260806.02308282332
294125.23755643575
295603.09546402376
309402.3476876222
333238.7535825803
337275.3526680197
341127.40197791666
349130.8524505081
382657.51050411846
386979.31873527035
407137.88302152895
415408.9761796771
423134.20516258775
442081.9735979034
452210.3354604575
467917.86853920814
475091.886065371
482064.22236497205
494800.09459866275
496975.9849123322
528208.0617946617
537865.9122406106
542952.8516430669
555523.0510626049
555852.5206136362
592715.2648790067
599135.7250162192
616654.2629271225
619537.9534316361
641361.1362511227
645083.7670508648
653222.4419984608
676732.7120968098
685605.1138673781
688227.5171613793
708824.5310903821
709094.2666697743
734863.9866146374
740844.2552472269
764018.4345475287
768167.6290211802
786903.0263088633
786912.9929399946
792833.4626559099
823679.652451228
827183.6472195575
837244.994119802
847583.1597360142
866267.4313008016
879926.8524424894
892918.4986807731
894175.8844565451
906487.564925307
920121.6895057489
928641.383947066
955812.0804532113
968803.6262924877
975646.7404948807
991468.2118118918
1000145.7638285217
1007412.7308447369
1030122.4463281804
1042993.8497311907
1052009.629379051
1053459.2421261347
1068579.3762170752
1087880.914207514
1107938.418429576
1119326.4078888954
1127038.2845560317
1136258.2871058933
1140476.8350184076
1169883.8272804576
1185463.825618085
1186932.7696264368
1196927.0341695542
1219457.1304334712

61 35
8422.264986579286
14271.709397832863
21384.768373925614
23713.630310875036
33318.66552015496
53079.65625804931
71761.24727709801
88955.27879029028
94232.52520689227
119013.98419968606
126799.03557970082
143651.48331176987
153113.53749878472
171593.82403746937
175733.45379304324
193385.30415284986
204859.76207128595
210276.3275263609
210578.9087063607
246605.73344134522
259072.05410809506
264743.61527871847
276061.1940508253
281984.7288625434
282877.4927058191
293049.8277378246
304094.3227609041
335356.3771629277
355130.0593781591
366863.5790768775
379198.43936103804
390701.19732357917
395352.6801280392
414050.62232782994
418663.35146963235
431616.55924650794
436009.5518754736
447735.7306205212
474388.38706383103
487980.07664376165
499383.66426014696
501917.38778920023
528491.91537253
529001.8684100419
550298.7213818161
552253.8146139754
575107.9284933341
580994.76175678
596939.1812253431
613374.0561145922
624897.0804180725
640584.5175531745
652856.373981057
666055.940504982
666724.864724702
671381.2834977556
694930.6052467934
710194.9022850785
716009.7500083132
736888.4217701178
736929.3342696485

80 42
10996.957488703192
23106.070356017175
28407.041518635644
36495.80718042504
46432.43626712836
54581.57892450036
76531.05337695144
96217.51693518188
99045.72662928104
108808.24809359547
115711.78673250064
118413.94230570678
144970.26891055924
168040.60222914763
175479.78220925783
188914.14379561
209316.65153994816
216901.42001463688
232900.5199964962
242536.71859285777
243798.2615137583
269807.83195574913
278208.5270826378
292641.6188212877
305074.3246605758
308231.6244910355
309070.7849274083
341613.3576802315
341757.7552980455
345170.39257022645
351387.75026613363
363887.7444444819
395753.93324094795
415360.1522694728
429078.8946792581
436035.9475836944
455839.2947958745
468841.97501585376
478710.01621315285
481426.1876381918
503445.7096816538
512935.5999089312
527415.1593143324
534702.3416641253
544634.4548839612
547292.413227208
559881.169143534
588767.7107106751
590091.2990956203
594261.2874687815
627544.3126954372
630789.7787268321
641232.5304440723
654968.5376341677
666144.926301318
686904.4620615792
700878.8237933295
704351.4085358896
705523.9246640065
725939.0205815242
727693.293825709
732330.4735321737
761246.9231094889
776501.3370661332
783357.3824056083
813466.1972644901
813514.576523313
834738.0341775994
845937.6826615859
859450.3841479154
875455.4999469463
881333.6835555168
887629.8352997287
913622.5131744967
921849.1345087411
927010.5705249523
949218.4677616559
956344.8966995609
967257.6224537934
967798.4944702046

11 11
1208.7970029859152
11364.883902947338
26581.61832973628
42788.679026869475
54945.77208210688
70140.93735264472
79918.84171244664
95464.31957208524
108101.29443626707
117568.04692200833
122418.5073848391

77 45
6003.452214701052
8953.805903478145
10029.343940849034
12351.809975732589
13475.88418118665
70419.66232876778
73666.37609963641
96007.12168727629
103117.2108638684
114513.3296764165
124120.95357133375
140968.39280119684
159559.3444158153
170378.40170097013
171825.19991821912
184500.0385588123
209109.18533912717
211628.88895665985
225068.06512767414
238373.04945996066
247498.09802194516
248842.39142713218
263869.49219951953
276861.5309176835
281185.72566691355
312664.6303574925
318774.10995075246
342850.0105247831
343372.08252185443
366568.2021316501
381314.43474811147
383159.91005529155
401510.92957359436
417660.12382293085
418728.55425141886
426559.871363022
451464.6392842835
466707.8529492232
478113.59989387426
493247.711828392
497188.137075652
514153.960972579
525244.8377355746
542851.8266568595
546372.0121088213
567354.2203401873
577677.754093859
588668.0395213353
591552.110552885
597743.6313658375
615788.5074723645
635871.2554965424
654467.66573147
663180.5559931273
665139.2569881303
673920.5331187162
678508.1729835508
680088.9093459768
685480.3029977989
718917.7688072552
731890.7956309723
745347.8816095592
745740.558997617
758892.6324697195
763228.4585241977
785963.5529125156
790165.2083182473
814584.2532520154
830987.2695466945
833054.3715906162
849254.4752482636
875143.4921634557
886976.1866209308
902973.5565235151
907856.8303661775
926717.0510174249
937843.1260777934

61 5
1747.4483279475623
12905.516903229543
18063.80098705272
36438.55787393258
42708.547445028154
51171.40430293184
57320.04196224157
91510.25521617505
109634.55142311883
115637.52907746544
119223.61659422576
144105.98276537145
151359.43369727067
157147.25435031936
160260.68199316013
183575.45836127095
186923.23853612083
213006.53542148558
215044.80960739974
227502.83425287026
228236.01206419003
270809.73745202046
276689.19086630794
295363.9955506161
299925.52379194746
316900.66469895997
328400.56447371934
337441.8311640915
350096.9221013074
367429.98034572654
374429.8073189855
382931.9861121222
399879.0161029996
416678.9457244246
423233.5079749745
437375.6318318601
443699.1529657161
458100.42610802467
466090.10571166844
468419.5018618379
476876.3446417806
498055.5841854544
500029.93175768375
521280.51207349356
541993.2460111536
546764.6235037392
577032.121934027
590164.7057908656
592319.246017004
599693.5482178712
603490.6483116808
635682.5585614523
644231.4604227042
648070.9391037816
666119.2637141247
674562.3633354547
686224.1925994608
692292.6441379033
697333.5288187412
713745.7443813396
745012.6645887371

43 11
2087.9543943670815
5372.139753096995
27540.882215936937
29716.228497263306
56747.116574489104
72013.88165164503
77004.03223625032
79441.23060328267
89868.48303671236
116940.19386131241
117638.954572443
147043.91159720204
148631.8322759921
150232.74981372998
183210.4160012901
193493.8511022188
200983.45432978205
222097.95230952732
223865.9672874206
241907.14875055314
245481.31360419132
247174.87913617308
252747.34957952437
282932.8792351537
291726.0557981039
303576.6387165862
311878.72959884483
340083.56964050024
350570.28124841524
361241.59691672446
362556.3189587456
365758.8274785322
396023.1693064113
402859.46281585
406497.23105624254
419305.1349358056
428888.7793333498
453668.42188994127
475589.1728473126
480877.73207040475
505385.1800097453
508044.6935010183
523348.2583941833

10 5
10465.934697707984
11585.441276085397
34001.53620631548
45682.82881576654
53725.05662975374
62010.852144599274
72826.18726144619
82289.96972302668
107476.46947516903
113377.44483804822

83 59
2585.6298408530433
3656.659148883916
15852.59463134679
47761.648311995916
50541.116294105865
51158.379192985136
83678.14431542509
89330.23805141894
104022.93145728146
113867.33793776095
126622.11999808109
138248.7511406902
152942.1315392773
157042.05218747476
157709.7850865868
168743.78766475324
187815.99282878308
196448.8789502214
221684.6695311444
229153.5371777202
256992.0634214161
268569.44562573277
283572.68620032445
290012.1870587271
297742.60297861596
303408.4303527299
322159.0105806215
337813.2710579678
341663.8481790884
361016.98568465293
372095.45461906027
387982.48305944086
388918.6788585945
403668.5002254022
404533.357282953
422764.39500904124
453661.6154822397
461731.17228528403
461887.4709143139
487906.81233132153
493439.90431782795
518361.2494632982
530174.1663818775
530821.8779013385
555078.7338782196
561771.4612842572
580326.8983154726
584098.145294606
589541.7403263949
602124.7502093723
620475.1618578882
641168.0301206624
648027.0553579775
663572.4032393442
667949.268305875
673094.4015433864
680813.5684888205
712236.5760326847
727787.7879413553
736053.6502955536
748019.447241935
758535.8544545426
770864.1925135487
775489.8717629289
780755.6975039707
793383.7080839677
795853.479572424
829861.0457836796
837472.0668702541
840917.3753922324
869313.7076092561
874211.3961496403
899559.2169670764
906159.6337380281
920986.3971261478
930959.0580031162
949810.394787636
956757.2211813872
971149.9099153002
974785.6874071634
987591.3817509311
1007085.6219125601
1010397.3212551305

53 44
235.62528381987806
22208.48354289101
31963.481880884803
48300.89235529177
55060.59062260388
68751.55103033819
82163.57604824912
94305.38401130935
96201.60614601542
103529.24687460254
104208.72369857006
133595.5530223029
134227.1106554832
139200.65259312378
184535.59634166455
189472.47498923112
209097.49307049444
221990.07406750662
230194.35620027888
243309.52643491933
250745.757619308
260969.8025850902
267588.5970711992
294199.79499367264
300637.20138423267
320041.4354811936
332520.2439240945
338984.76668504515
340184.43606438395
367783.54133652174
381966.06054522947
382015.5346520142
387328.1255150601
417067.0696861654
428026.59123490105
435097.4441033079
451478.56016988395
466894.80962846574
468000.4917777316
471226.29007562454
484942.63137567043
511543.6479003055
530254.7058761757
539449.6373548998
554157.5113141326
556550.2951865625
557826.2032190734
590639.59809323
593580.7391147497
608799.6341787449
622033.8300502383
629260.5696536658
635910.653257993

64 2
6637.086854496178
23573.02326847439
28006.352740377064
43400.14238432527
44810.932836368185
53390.24866372412
57809.04353248954
88735.6238890251
105185.25612100039
112681.69156516167
115210.39860903555
136678.8907795294
156348.62267776017
166207.50360508624
169110.36355096675
195872.807318439
197824.92670595492
221628.78907524966
224634.23556132085
245400.58203877995
254568.73763485657
266778.0312588791
277670.90270053654
288594.53333280305
290223.7791196882
315286.9029635526
323253.9085120833
328132.6540362548
336530.2098670978
337298.4198742995
353377.13040399976
382813.6515566289
388047.3907317551
417806.2534727503
425387.3002096455
435432.4327316282
443650.29302761325
458841.26637595426
470568.1537850798
490291.3419758841
494850.82894802483
505870.15016104403
520417.94201666815
534623.1737945012
554792.1864689374
565513.861671344
576157.0027546737
587691.7401600189
596927.6158256854
615967.3749529758
621110.2327387619
622818.1385163156
649866.8226647015
655547.9109086065
659352.9349220342
672560.3591678853
690637.5161560847
711228.8439352827
724896.7504080881
738397.7870381451
742128.4414271198
762393.4731714927
771380.5430318363
774525.6620076413

70 30
10351.24709215031
14288.063715763981
20867.78984999124
38866.86989488644
60478.64130865772
69998.75847338131
84222.89076590909
92761.99203289539
94976.89362088444
102522.74258728772
111326.50102639181
116457.16758883651
159176.50553947687
171007.28358494124
171944.37106881052
174567.42063603897
198100.50843717164
199247.091958831
225474.894285425
240904.08576084775
257193.85747642646
270493.3254055194
273496.2800584515
276930.31307108846
303293.790815521
317754.9092431951
331118.4628966378
343608.8722084887
353788.1317107489
362650.6571488212
378558.5382921248
394041.4608352768
400241.5148350839
411184.2512582788
425454.5346879731
429574.0545911185
452183.42884146096
456634.3107415748
462842.81363685435
485645.5209574202
501513.87149080366
509216.8921090188
524414.2180641184
539603.7118978135
551852.9962104063
566095.1362668382
569993.9490053066
578381.1704551204
587410.9952133456
612431.3569927334
616718.5040533285
637148.4723381434
645072.8132831169
658093.439864018
677662.6242784124
682773.4719491444
684497.0888129619
692011.7888655652
705270.1932233227
726146.7474000944
752743.0925054929
761517.407030514
777140.5626276268
783771.4404286677
785695.8953337586
814605.9719216509
818877.5186830562
839233.5212432417
846719.0480987625
858569.3989191679

41 28
10143.928347484349
14220.971890593766
14377.050167138477
21645.850225254864
48525.98404734193
63555.71108378965
85490.55127669095
89806.87876114326
108575.8229619014
109382.33602160565
112497.74777508178
123811.22120255687
135035.87658791163
166071.8246793593
179086.9916061317
187934.01589866637
192273.966063821
203482.90944642172
206016.02081999718
211095.8279567301
234779.4849376604
260130.3514276724
267696.32763208554
275181.9614215028
291912.4415768131
317907.08576770657
324185.7794372135
329931.3302048658
334697.63593382476
338095.96458615
350614.5617147522
356557.74677522475
368458.49372391915
396186.0679737557
400658.4048833418
422712.5278451919
436350.50439812476
449571.7740375349
468727.67790954583
487071.4135776171
489649.882020473

