8
1 2 2 3 2 3 1 2


12 23
12 2 3
1 2 23
1 2 2 3


12232312

1 2 2   3 2 3 1 2
1 2 2(2)1 2 




(1)
(12, 1 2)
(12 2, 1 2 2)
(12 23, 12 2 3; 1 2 23, 1 2 2 3)
(12 23 2; 12 2 32, 12 2 3 2, 1 2 23 2; 1 2 2 32, 1 2 2 3 2)
(12 23 23, 12 23 2 3; 12 2 32 3; 12 2 3 23, 12 2 3 2 3; 1 2 23 23, 1 2 23 2 3; 1 2 2 32 3; 1 2 2 3 23, 1 2 2 3 2 3)
(12 23 231, 12 23 23 1; 12 23 2 31, 12 23 2 3 1; 





(1 2, 12)
1 2 2, 12 2		staccato 2
(2 3, 23)
.. 2 32			2 x (staccato 2 + attaccato 1) = 6
(3 2, 32)
.. . 3 23		6 x (staccato 2 + attaccato 1) = 18
(2 3 1, 23 1, 2 31, 231)
2 3 12, 23 12, 2 312	18 x (staccato 4 + attaccato 3) = 

 

1223231

12 23 231
		12 23 231
12 23 2 31
		12 23 2 31
12 2 32 31
		12 2 32 31
		12 2 32 31
		12 2 32 31
12 2 3 231
		12 2 3 231
12 2 3 2 31
		12 2 3 2 31
1 2 23 231
		1 2 23 231
1 2 23 2 31
		1 2 23 2 31
1 2 2 32 31
		1 2 2 32 31
		1 2 2 32 31
		1 2 2 32 31
1 2 2 3 231
		1 2 2 3 231
1 2 2 3 2 31
		1 2 2 3 2 31






122323

12232 3
1223 23
1223 2 3
122 323
122 32 3
122 3 23
122 3 2 3
12 2323
12 232 3

12 23 23
12 23 2 3
			12 2 323
12 2 32 3
12 2 3 23
12 2 3 2 3


12 2
1 2 2

12 23 2
12 2 32
12 2 3 2
1 2 23 2
1 2 2 32
1 2 2 3 2




1,12,-2
--2,--23
---3,---32
----2,----23,----231
-----31,-----312


1 2 2
12 2




1
12
-2
--2
--23
---3
---32
----2
----23
----231
-----31
-----312








1
12
-2 x
--2
--23
---3 x
---32
----23
----231
-----31 x
-----312

12232312
1223231 2
122323 12
122323 1 2
12232 312
12232 31 2
12232 3 12
12232 3 1 2
1223 2312		8
12232 31 2
1223 23 12
1223 23 1 2
1223 2 312
1223 2 31 2
1223 2 3 12
1223 2 3 1 2
122 32312		16
122 3231 2
122 323 12
122 323 1 2
122 32 312
122 32 31 2
122 32 3 12
122 32 3 1 2
122 3 2312
122 3 231 2
122 3 23 12
122 3 23 1 2
122 3 2 312
122 3 2 31 2
122 3 2 3 12
122 3 2 3 1 2
12 232312		32









1
12

1-2-2-3-2-3-1-2
12-2-3-2-3
1-2-2-3-2-3
12-2-3-2-3
12-23-2-3
1-2-23-2-3


